1000
-9831 8255 5035 326 2688 4291 8362 1175 -8055 -3605 -6292 -6468 6577 1441 3275 -1451 8583 -9060 7782 3893 -8062 -10000 -2095 -9910 6119 6687 -2197 -3006 7447 3333 2966 7483 -1922 -3385 5398 316 -851 -6997 3272 -5914 4738 -2260 1406 -4128 -609 4056 7691 3398 5564 -9535 -7373 1743 117 -2521 2140 -649 -7167 100 -1508 9496 -6121 7488 1025 1750 4423 4859 7213 -2735 9414 5898 -556 5384 5721 6812 9554 -4242 -2833 -7454 -6544 -7299 -7802 1072 -9137 7841 2901 -7703 -141 -7160 4556 3272 -7403 -6967 -3445 9254 -3566 -8442 8444 7308 8921 6317 2498 4786 270 4696 3326 -6827 2553 -1153 -383 1542 -7305 9033 -8684 -6196 -3314 -8485 5166 1135 5861 7646 2659 -7519 2409 -8450 9651 7228 -8583 9232 -5712 -2988 718 4130 2702 -8632 -4147 -5339 1403 4265 -449 -3656 -1876 405 4618 6019 -3160 -637 -8970 -7536 3012 5513 6031 7713 -8054 -2172 4157 5856 -2790 4651 7922 -3955 -7372 -3207 7851 1889 1673 2578 9755 -8550 -7406 3801 -8081 2726 -7411 2392 2055 -219 -2084 -2548 2216 1895 3124 3027 6136 -1461 6494 -4512 8899 7210 -2259 -8396 2961 1361 -1453 -2901 -1341 -2914 9510 -3488 -3442 1870 4532 8153 -8476 3243 -7223 -2527 -599 5574 -6790 -2000 7723 -3946 7203 -1655 299 -4179 4264 9164 4767 -5672 3744 -2883 -5767 8134 -5075 6940 1979 -2720 -7273 -5064 3626 6943 8009 790 -6323 7365 -4799 -4383 8268 5804 2864 -7296 -2719 8974 -7954 9228 -6566 -5103 4400 940 5334 -2483 8946 9648 -5875 2934 -6474 -7894 9447 -187 -2849 3208 -3831 8418 -3449 -1087 -5130 -8916 -38 -5336 720 2032 -3108 2493 6538 -1529 9153 -8615 2614 -8086 -9460 4292 -1009 -4655 2025 6966 -6325 -1166 -2292 -7622 2856 -4720 316 121 1726 2761 7050 5798 8288 4760 6455 7757 -5336 3510 -7938 -2197 -2756 -4448 -2480 -2341 8706 -2758 -4632 1860 -5338 -287 3671 -4460 -1886 -8098 -4483 5764 5333 -5611 -2261 -314 6887 -6026 9477 9406 -3686 5620 6445 6295 4056 3992 -9366 9874 -3041 5600 -1900 4630 -4340 -9562 8533 3953 953 199 -7904 -4597 -5452 3068 -6750 9649 8139 464 -1013 26 -4895 7717 2391 -3351 5088 2102 1485 -8551 -6070 8725 -9843 -4618 3677 -3993 3167 6709 -9783 -3770 -7429 -9395 -2439 3356 -7339 6501 5576 947 8336 8653 -3948 681 7640 -7888 5196 3769 -6700 -6604 2040 -2693 -1077 -5472 7476 5121 1467 6204 8235 -3855 4092 -9320 -2025 8200 469 276 9058 -7415 3783 -3525 -8102 281 1938 8928 -9416 7609 -7593 5235 -4071 8486 -8435 8854 -3148 -1134 8184 3783 7857 7840 3510 1983 -8322 7248 8490 -5893 6654 -347 -1785 -7806 -4985 -4359 -4470 1857 1071 -1781 -2706 -6609 8534 8149 4340 2309 -5948 -2334 2442 1896 7310 7585 2202 -5996 7953 8416 7188 -134 527 3233 4819 9424 -5888 9815 -5037 -1353 7400 9509 -1908 -98 -4658 -5458 -3336 9184 8714 4017 -5217 1242 8295 5151 -4275 -3328 6377 284 -5469 -4536 1113 -551 5904 4908 -2788 5293 -6017 48 8052 -3669 -5623 1093 -7174 5262 -8273 -7369 -3554 -9034 -377 2001 -246 7682 4279 -1418 -9278 901 7180 9470 -6395 -5738 1827 -3517 4447 -7293 3154 -8788 -6582 -7133 25 -6768 5631 8416 7131 7750 5260 3713 -8160 -7691 1420 -3856 1475 4738 4742 7016 7005 -992 -4520 -5412 3713 -9625 4511 -5714 -6695 -5478 8549 -5998 -3186 -8133 -8768 -6785 516 3828 8673 6763 -7644 -2194 8157 5217 -9798 -455 4741 -9912 5041 -8876 -3816 5444 8907 6469 -2045 -7434 -3064 -7827 -5983 -2489 4738 -3868 -8284 791 9688 6433 858 8813 4678 101 -748 2697 3368 8961 7203 -2860 -4365 4594 2319 -249 352 -7082 -6851 6797 973 -161 -6780 8805 -4773 5505 -8322 -1614 -5426 -7091 7184 4989 6225 -924 -8292 5231 9331 -4160 529 512 6354 4519 -5668 4882 -7411 -7998 5708 -9985 -2077 7624 2366 -289 -4737 8190 -6564 -5443 -9805 608 -8994 -4067 -57 -2319 3790 5455 -2225 -8549 -1466 -4355 -5107 -9002 -8425 -7573 7946 -6414 1171 8707 2870 -5539 9625 -5675 -920 1032 2727 563 6933 8363 -1509 -318 -6123 -5654 4418 5428 -3111 -8629 -9263 4414 -5902 7269 -4990 -9528 -6193 8954 -1819 7313 -9689 -9270 1724 2260 -7529 3988 -6143 3238 3153 -9850 5578 1955 -4636 -8172 -3686 4507 7035 7480 -3454 2692 -1663 7871 9837 3217 -3755 -6277 -7034 3595 -1257 -5851 5549 -3542 5379 9324 9860 1453 3380 -9223 -1109 -958 -4590 4645 7017 8156 9290 8833 -746 -2109 9153 8194 8557 9523 -6286 3555 -7450 -8713 2065 6903 53 -2389 -6215 -8617 -5363 -6043 7166 -7711 -4440 -6356 -91 6835 4128 5900 4196 -6659 -3939 -3242 -6133 -2397 5138 -1444 -4040 -2764 1718 -4418 -1895 -9592 -5931 -6784 6765 -6064 -3961 7437 9685 8107 -5310 -1594 -5998 -4805 157 1491 -8221 5256 9666 3439 -4331 433 -5899 -8246 2843 -3232 5226 5737 6268 -8489 -8314 -4350 -1454 9436 9005 -9929 7664 8841 -4312 -4128 -8860 2045 8527 -7413 -4875 6737 -8069 7385 -824 -4647 -7501 -5563 5668 7093 -589 -148 -6514 -6233 753 7582 7800 -4068 -3536 3261 -8337 -7891 -4990 9574 -8505 -7162 -6922 2154 -8222 -3960 7253 5379 8818 5585 -9464 8110 1802 -5290 7023 5995 810 1607 1258 9655 9199 1617 6353 3498 -8876 -1065 8130 -4322 -7927 9625 -9846 -3347 -1376 -2564 -4254 4818 8975 5467 -8040 -634 5069 -1383 5799 -7755 -5074 -1134 7781 -9847 6002 7169 -5314 -5569 6274 7177 6344 -9789 -1206 -4870 6046 -6145 -9952 6646 229 -5888 -8418 -1443 3188 5592 892 4387 2361 9735 -9625 6952 3243 -9815 -912 -2271 -8911 2459 -5394 9211 -3537 3736 8402 -4225 -431 -6295 -8909 9081 -922 6356 8722 -9950 -1697 -2842 9707 -4848 -8011 4427 -8908 36 4538 6626 -6382 -7605 -8035 -208 8631 -1003 -2414 -8044 1522 3285 -3471 -4092 -9387 6892 -7872 -4712 -5838 1897 5624 2552 4980 -78 -5463 -6709 182 4555 -9260 -8390 2023 8192 -9973 5180 -1738 8347 -3977 5447 -8658 -119 -4155 2513 -1064 4233 -2259 9661 3375 -1414 -5785 -6158
100
673 17635
233 18268
272 6944
550 3829
532 11148
225 4915
213 4397
522 3246
13 14361
955 3013
305 768
524 18379
965 10463
733 17987
695 6846
486 1037
379 5741
814 14623
589 8719
263 5444
557 5470
882 13039
20 13775
815 13911
691 17860
250 2915
396 4586
771 4120
792 6499
896 17679
347 7357
541 2315
754 14459
159 12875
356 13431
741 17870
824 14567
446 13534
355 8490
285 5372
971 1731
258 2237
544 10568
156 14208
391 279
991 10245
689 18050
53 16814
938 9237
607 13739
880 3858
209 1030
829 15988
260 11086
951 7500
636 2384
32 4061
443 1733
281 7216
50 12164
753 5945
922 16708
359 19102
469 10889
954 8887
116 2172
875 2413
325 2324
911 15031
577 15356
551 10925
150 10682
527 13183
197 2504
240 12667
334 15
770 18661
824 227
853 10709
661 12142
394 13266
113 4018
171 16839
75 14434
163 15058
370 15935
974 16423
118 5897
42 18524
922 18901
195 10145
397 932
36 12099
635 1191
358 18344
333 11234
762 4468
372 10804
332 1617
450 135
